   0    8.1247  -27.9885    849.37   163.8    8.2100  -28.5101    880.23   163.9
   1    8.1231  -27.9863    849.22   163.8    8.2075  -28.5104    880.21   163.9
   2    8.1182  -27.9796    848.76   163.8    8.2003  -28.5113    880.14   164.0
   3    8.1100  -27.9684    848.00   163.8    8.1883  -28.5127    880.02   164.0
   4    8.0984  -27.9523    846.92   163.8    8.1715  -28.5146    879.86   164.0
   5    8.0836  -27.9311    845.49   163.9    8.1499  -28.5170    879.64   164.1
   6    8.0654  -27.9043    843.70   163.9    8.1236  -28.5196    879.36   164.1
   7    8.0438  -27.8715    841.52   163.9    8.0925  -28.5224    879.01   164.2
   8    8.0188  -27.8322    838.93   163.9    8.0568  -28.5252    878.60   164.2
   9    7.9903  -27.7857    835.89   164.0    8.0165  -28.5278    878.10   164.3
  10    7.9583  -27.7314    832.37   164.0    7.9717  -28.5301    877.51   164.4
  11    7.9227  -27.6687    828.33   164.0    7.9223  -28.5318    876.83   164.5
  12    7.8836  -27.5969    823.74   164.1    7.8685  -28.5328    876.03   164.6
  13    7.8408  -27.5153    818.57   164.1    7.8103  -28.5328    875.12   164.7
  14    7.7944  -27.4231    812.78   164.1    7.7477  -28.5316    874.08   164.8
  15    7.7443  -27.3199    806.35   164.2    7.6810  -28.5289    872.89   164.9
  16    7.6906  -27.2049    799.25   164.2    7.6101  -28.5245    871.56   165.1
  17    7.6331  -27.0776    791.46   164.3    7.5352  -28.5181    870.06   165.2
  18    7.5719  -26.9375    782.96   164.3    7.4563  -28.5096    868.39   165.3
  19    7.5071  -26.7841    773.75   164.3    7.3735  -28.4985    866.53   165.5
  20    7.4386  -26.6172    763.81   164.4    7.2869  -28.4848    864.48   165.7
  21    7.3665  -26.4365    753.16   164.4    7.1967  -28.4681    862.23   165.8
  22    7.2909  -26.2419    741.79   164.5    7.1029  -28.4482    859.75   166.0
  23    7.2118  -26.0332    729.74   164.5    7.0057  -28.4249    857.05   166.2
  24    7.1293  -25.8107    717.02   164.6    6.9051  -28.3979    854.12   166.3
  25    7.0435  -25.5744    703.66   164.6    6.8012  -28.3670    850.94   166.5
  26    6.9545  -25.3248    689.71   164.6    6.6943  -28.3319    847.51   166.7
  27    6.8625  -25.0623    675.21   164.7    6.5844  -28.2924    843.82   166.9
  28    6.7676  -24.7873    660.21   164.7    6.4716  -28.2483    839.85   167.1
  29    6.6700  -24.5006    644.77   164.8    6.3561  -28.1994    835.61   167.3
  30    6.5698  -24.2029    628.94   164.8    6.2380  -28.1454    831.08   167.5
  31    6.4673  -23.8951    612.80   164.9    6.1174  -28.0860    826.25   167.7
  32    6.3626  -23.5781    596.41   164.9    5.9946  -28.0211    821.12   167.9
  33    6.2560  -23.2530    579.84   164.9    5.8695  -27.9503    815.67   168.1
  34    6.1476  -22.9207    563.15   165.0    5.7424  -27.8734    809.90   168.4
  35    6.0377  -22.5824    546.42   165.0    5.6135  -27.7901    803.80   168.6
  36    5.9264  -22.2393    529.71   165.1    5.4828  -27.7001    797.36   168.8
  37    5.8142  -21.8925    513.09   165.1    5.3506  -27.6030    790.56   169.0
  38    5.7010  -21.5431    496.61   165.2    5.2169  -27.4986    783.39   169.3
  39    5.5872  -21.1924    480.34   165.2    5.0821  -27.3864    775.84   169.5
  40    5.4730  -20.8414    464.32   165.3    4.9461  -27.2660    767.90   169.7
  41    5.3586  -20.4911    448.60   165.3    4.8093  -27.1371    759.55   170.0
  42    5.2442  -20.1426    433.23   165.4    4.6718  -26.9990    750.77   170.2
  43    5.1300  -19.7967    418.23   165.5    4.5337  -26.8515    741.56   170.4
  44    5.0161  -19.4542    403.63   165.5    4.3952  -26.6939    731.88   170.6
  45    4.9027  -19.1158    389.45   165.6    4.2566  -26.5256    721.73   170.9
  46    4.7900  -18.7822    375.71   165.7    4.1180  -26.3462    711.08   171.1
  47    4.6780  -18.4536    362.42   165.8    3.9796  -26.1550    699.92   171.3
  48    4.5669  -18.1304    349.57   165.9    3.8416  -25.9512    688.22   171.6
  49    4.4568  -17.8128    337.16   166.0    3.7041  -25.7344    675.98   171.8
  50    4.3477  -17.5007    325.18   166.0    3.5674  -25.5037    663.17   172.0
  51    4.2397  -17.1939    313.61   166.1    3.4316  -25.2585    649.77   172.3
  52    4.1327  -16.8922    302.43   166.3    3.2970  -24.9980    635.77   172.5
  53    4.0268  -16.5951    291.61   166.4    3.1637  -24.7215    621.16   172.7
  54    3.9220  -16.3018    281.13   166.5    3.0319  -24.4283    605.93   172.9
  55    3.8183  -16.0117    270.95   166.6    2.9017  -24.1175    590.07   173.1
  56    3.7154  -15.7239    261.05   166.7    2.7734  -23.7885    573.58   173.4
  57    3.6135  -15.4373    251.37   166.8    2.6471  -23.4404    556.46   173.6
  58    3.5124  -15.1509    241.89   166.9    2.5229  -23.0727    538.71   173.8
  59    3.4119  -14.8633    232.56   167.1    2.4011  -22.6845    520.35   174.0
  60    3.3120  -14.5733    223.35   167.2    2.2817  -22.2753    501.40   174.2
  61    3.2125  -14.2795    214.22   167.3    2.1649  -21.8444    481.87   174.3
  62    3.1132  -13.9805    205.15   167.4    2.0509  -21.3913    461.79   174.5
  63    3.0141  -13.6749    196.09   167.6    1.9396  -20.9154    441.21   174.7
  64    2.9150  -13.3612    187.02   167.7    1.8313  -20.4162    420.18   174.9
  65    2.8157  -13.0380    177.92   167.8    1.7259  -19.8935    398.73   175.0
  66    2.7160  -12.7039    168.77   167.9    1.6237  -19.3468    376.93   175.2
  67    2.6158  -12.3576    159.55   168.0    1.5246  -18.7760    354.86   175.4
  68    2.5150  -11.9979    150.28   168.2    1.4286  -18.1809    332.59   175.5
  69    2.4134  -11.6236    140.93   168.3    1.3359  -17.5615    310.19   175.7
  70    2.3108  -11.2337    131.54   168.4    1.2463  -16.9179    287.77   175.8
  71    2.2072  -10.8272    122.10   168.5    1.1600  -16.2502    265.41   175.9
  72    2.1025  -10.4034    112.65   168.6    1.0768  -15.5586    243.23   176.0
  73    1.9964   -9.9617    103.22   168.7    0.9968  -14.8437    221.33   176.2
  74    1.8891   -9.5016     93.85   168.8    0.9199  -14.1058    199.82   176.3
  75    1.7804   -9.0229     84.58   168.8    0.8459  -13.3456    178.82   176.4
  76    1.6702   -8.5256     75.48   168.9    0.7749  -12.5638    158.45   176.5
  77    1.5586   -8.0097     66.58   169.0    0.7067  -11.7613    138.83   176.6
  78    1.4456   -7.4756     57.97   169.1    0.6411  -10.9389    120.07   176.6
  79    1.3311   -6.9238     49.71   169.1    0.5782  -10.0978    102.30   176.7
  80    1.2152   -6.3549     41.86   169.2    0.5175   -9.2391     85.63   176.8
  81    1.0979   -5.7699     34.50   169.2    0.4592   -8.3640     70.17   176.9
  82    0.9795   -5.1698     27.69   169.3    0.4028   -7.4739     56.02   176.9
  83    0.8598   -4.5558     21.49   169.3    0.3483   -6.5703     43.29   177.0
  84    0.7391   -3.9293     15.99   169.3    0.2954   -5.6546     32.06   177.0
  85    0.6174   -3.2918     11.22   169.4    0.2440   -4.7285     22.42   177.0
  86    0.4949   -2.6449      7.24   169.4    0.1937   -3.7935     14.43   177.1
  87    0.3718   -1.9905      4.10   169.4    0.1444   -2.8514      8.15   177.1
  88    0.2481   -1.3302      1.83   169.4    0.0959   -1.9039      3.63   177.1
  89    0.1241   -0.6661      0.46   169.4    0.0478   -0.9529      0.91   177.1
